139,131
139,130
139,129
139,128
139,70
139,69
139,68
139,67
139,66
139,65
139,64
139,63
139,62
139,61
139,60
139,59
139,58
139,57
139,56
139,55
139,54
139,53
139,52
139,51
139,50
139,49
139,48
139,47
139,46
139,45
139,44
139,43
139,42
139,41
139,40
139,39
139,38
139,37
139,36
133,125
133,124
133,123
133,122
133,121
133,120
133,119
133,118
133,117
133,116
133,115
133,114
133,113
133,112
133,111
133,110
133,109
133,108
133,107
133,106
133,105
133,104
133,103
133,102
133,101
133,100
133,99
133,98
133,97
133,96
133,95
133,94
133,93
133,92
133,91
133,90
133,89
133,88
133,87
133,86
133,85
133,84
133,83
133,82
133,81
133,80
133,79
133,78
133,77
133,76
133,75
133,74
133,73
139,35
133,152
133,151
133,150
133,149
133,148
133,147
133,146
133,145
133,144
133,143
133,136
133,135
133,134
133,133
133,132
133,66
133,65
133,64
133,71
133,142
133,141
133,140
133,139
133,138
133,137
133,67
133,69
133,35
133,34
133,33
133,32
133,31
133,30
133,29
133,28
133,27
133,26
133,25
133,24
133,23
133,22
133,21
133,20
133,19
133,18
133,17
133,16
133,15
133,14
133,13
133,12
133,11
133,10
133,9
133,8
133,7
133,131
133,130
133,129
133,6
14,4
10,132
10,126
10,152
10,182
10,112
10,160
10,172
8,18
8,12
8,5
8,7
133,72
133,68
133,4
133,3
133,1
125,5
125,4
125,3
125,1
20,3
20,2
20,1
19,2
19,1
12,3
12,2
19,3
12,1
11,29
11,28
11,27
11,26
11,25
11,24
11,23
11,22
11,21
11,20
11,17
11,16
11,14
11,13
11,12
11,11
11,10
11,8
11,5
11,4
11,3
11,2
11,1
10,313
10,312
10,311
10,310
10,309
10,308
10,307
10,306
10,305
10,304
10,243
10,222
10,221
10,205
10,154
10,134
18,1
10,128
